901
219
317
361
1149
972
484
854
1084
17
359
1233
547
966
64
1138
49
437
685
475
231
299
310
576
1168
292
855
426
832
903
604
1207
1219
581
428
72
1083
467
343
753
99
978
927
413
973
178
307
185
1137
1041
139
1117
29
417
421
579
647
488
79
737
802
562
116
778
544
747
614
1053
35
1023
763
510
1179
91
654
453
1001
306
170
1226
305
574
1018
500
1058
395
108
151
1078
149
736
511
733
332
1130
812
672
841
591
364
917
957
315
62
209
667
506
1092
1188
412
1093
981
893
388
182
1229
1140
1009
815
1049
89
1221
898
454
573
1057
1095
911
1022
81
531
1172
377
295
840
599
279
90
656
790
10
115
541
376
546
529
877
1056
750
1046
765
578
524
314
618
1
789
124
714
1027
923
879
68
101
157
1028
1164
745
1077
363
806
420
933
891
1228
684
1089
1153
997
487
563
262
813
113
397
1174
860
861
399
75
259
712
1169
261
489
1223
698
522
989
1106
297
48
601
132
914
567
28
1232
702
122
11
713
735
934
977
969
504
1045
211
239
1108
326
271
169
838
682
434
905
628
794
24
1080
830
466
976
639
557
313
187
566
374
844
746
9
821
925
817
808
1235
1205
634
97
205
73
569
674
1194
250
58
12
404
38
275
266
92
1123
1204
1000
980
509
606
319
445
1059
831
742
26
183
462
222
190
246
596
396
587
852
121
370
432
184
296
659
910
1052
705
192
1127
194
409
760
348
741
352
406
881
774
822
757
442
1156
1177
787
837
931
700
210
759
571
481
521
915
503
88
1081
876
129
252
436
829
43
1215
294
4
724
1112
496
551
160
1120
1019
1073
527
810
1136
577
532
340
440
1125
683
1160
1210
301
56
949
608
1002
94
37
627
878
67
909
181
616
998
126
1186
768
318
640
803
588
863
63
339
147
47
1036
960
918
277
208
162
189
859
356
264
380
1190
14
535
983
1180
180
1067
156
1070
738
1034
98
1141
1217
311
304
670
1195
788
880
1198
173
52
60
820
695
41
106
324
651
465
958
23
777
351
86
600
1097
19
22
866
1075
646
721
230
199
390
123
926
928
727
1011
362
1175
709
371
764
1134
800
164
657
387
621
1047
1220
585
613
542
382
1152
1145
1214
1029
345
1208
349
922
16
281
1203
786
728
96
78
46
401
828
610
257
1051
501
589
286
545
247
74
1142
641
218
1230
762
329
104
823
739
383
699
1128
492
1161
480
172
153
451
716
964
235
44
906
943
265
990
796
1135
224
1101
924
1087
312
662
734
615
27
675
227
1110
624
1037
1043
498
448
419
476
554
107
791
720
568
816
196
956
505
1133
1176
771
549
333
1124
268
630
120
455
385
1199
775
408
1224
245
732
282
131
835
751
620
706
1042
594
146
857
967
393
540
427
80
936
1158
1003
202
749
766
165
584
2
681
87
1192
1122
1098
69
344
941
148
1100
449
375
602
471
3
1026
1200
1132
1144
36
248
993
443
1074
1206
590
688
811
1033
846
174
1006
379
1173
85
1076
723
42
158
658
645
528
1012
234
1155
342
109
1107
276
632
1185
1061
155
167
439
537
255
18
974
1021
1139
907
994
280
864
869
623
495
1166
71
971
718
643
378
1212
770
895
538
889
459
45
226
761
508
405
781
1193
520
118
130
207
452
1090
939
884
609
7
335
1054
625
350
1116
921
424
797
463
13
894
930
902
204
1213
946
402
984
780
494
870
1005
1048
804
464
896
784
1163
1131
935
635
15
357
54
154
353
354
887
963
996
637
143
40
337
1109
321
664
955
1102
485
552
689
216
1040
57
593
300
499
309
649
525
671
320
1183
975
886
238
1171
514
1150
215
872
913
1170
84
1227
83
673
916
50
805
117
752
144
6
636
334
477
450
186
201
885
564
754
519
66
161
1236
497
515
1031
809
507
942
392
191
290
697
32
661
985
458
595
693
493
982
1115
1025
1105
729
979
159
486
34
1096
1231
900
112
694
631
1187
25
1064
237
708
953
875
128
1159
555
758
1065
719
135
561
223
263
818
518
175
1082
1017
142
391
285
1143
20
241
769
560
341
1157
1104
336
1218
346
867
1015
703
865
827
710
836
141
665
302
168
1024
598
904
228
100
908
850
603
801
394
767
