66
1154
1249
1133
608
1089
485
473
1236
623
510
1502
778
1280
1492
450
794
157
1372
340
1262
481
639
1330
181
904
1597
1566
855
1581
1176
960
1612
175
1319
225
1191
292
1151
873
890
891
716
98
412
1226
115
1136
1380
147
1006
767
258
1188
1404
1183
675
1466
140
920
1071
1134
1253
201
250
233
1238
1494
1109
916
311
822
532
443
139
703
197
971
320
189
719
541
304
1312
1387
1075
1037
1268
657
1081
1415
765
550
1023
124
1447
1275
1282
893
1175
1496
634
579
91
780
1068
721
352
524
1414
592
24
363
832
865
1321
769
297
113
522
182
65
151
665
565
1396
71
1264
329
988
1613
1152
829
1328
569
1453
192
895
791
1100
103
1241
963
1622
1234
238
750
442
525
601
269
18
298
1437
130
74
194
1192
199
1205
136
720
595
1009
555
714
421
1419
1209
934
1529
1139
673
996
834
1051
760
823
981
911
126
1540
1294
462
287
986
1391
454
474
1551
479
546
9
948
1603
938
740
803
466
1298
1369
1565
700
232
1077
1059
12
458
1539
279
1375
1033
262
135
662
1586
1085
23
1099
1276
801
820
729
495
886
902
433
1594
731
209
620
928
1057
1329
940
1122
129
35
1487
738
1373
1552
1351
77
1230
1073
1049
1194
337
1323
1270
117
710
501
519
1082
1366
1398
753
1537
299
691
909
1614
163
399
1610
786
1523
868
1324
489
300
923
709
841
354
1261
10
1138
1361
324
1431
313
1533
1018
1076
983
734
613
382
705
1288
961
493
574
1210
562
118
884
94
301
78
1103
1507
792
611
96
728
518
1045
1218
573
804
1052
1004
314
783
184
1342
1296
1213
173
316
1524
640
1266
953
230
1011
568
807
58
72
164
1042
1506
296
1224
1163
821
656
1155
1233
746
985
664
610
557
198
271
40
1549
341
993
1159
365
859
357
315
1157
453
816
631
137
264
660
1511
70
1450
6
990
1331
1084
896
1281
1338
359
1478
1570
1008
1486
907
749
956
615
384
727
441
371
1316
1339
635
1582
1374
183
1207
1584
89
92
426
1606
827
998
1536
869
1412
404
241
612
1368
1239
1326
1027
974
1119
211
1083
122
187
401
1457
162
1503
1047
277
542
49
1345
796
378
533
774
142
1180
97
857
830
15
1291
395
54
36
1315
1169
1
598
459
762
1046
332
339
413
265
724
440
1439
364
178
1474
1220
627
486
1389
1117
402
1178
604
1399
1193
231
19
599
1040
1248
836
870
342
578
838
47
1346
217
787
1456
1619
591
1333
1370
159
980
1543
625
463
808
370
1118
894
798
515
1094
356
1143
218
1510
169
1573
1608
499
1289
1127
945
564
1476
771
756
864
1569
109
1409
478
174
43
460
1544
885
671
1058
439
589
618
247
1408
637
1556
405
106
4
34
496
226
1445
1222
1031
1197
406
203
537
1273
914
1048
842
694
374
1572
1449
293
1153
56
918
28
1436
935
22
1064
305
1516
302
48
216
1482
153
1054
180
654
875
144
529
392
1245
713
1190
1274
1353
903
616
1383
777
643
261
436
33
99
810
351
975
57
1024
417
584
1473
924
551
1598
831
60
388
295
1181
1337
500
116
25
100
1347
1074
1278
593
185
484
1029
1527
624
1386
825
1545
1611
42
1204
1086
52
626
366
704
445
380
492
7
754
1363
283
1464
1458
81
614
1410
1231
1285
62
1499
1111
936
186
1332
1417
17
997
509
377
602
861
1149
964
133
1221
1148
939
176
1615
1172
1158
942
1106
420
1382
790
38
835
55
1350
1240
1563
1021
1254
1142
259
504
1530
1202
86
763
588
1512
863
818
1601
1015
321
222
1343
1440
1420
50
722
431
688
681
1455
817
1090
1590
943
1005
112
852
1141
253
188
75
685
937
1515
1215
362
171
1313
252
972
1623
979
1056
1624
689
812
127
1519
294
95
1596
465
1371
554
416
325
379
1475
712
528
79
29
1124
396
361
751
876
11
1145
488
915
881
976
1620
609
1080
571
105
1390
850
346
104
121
191
994
1426
649
1509
1407
1422
46
845
702
172
291
424
1554
44
806
1311
966
977
1367
398
1022
246
1446
1267
1304
349
1607
1126
334
1575
800
318
1574
1292
1165
154
906
263
824
160
1147
764
659
223
1528
508
1443
606
32
563
1600
553
1617
193
156
1471
1000
1201
1179
514
930
306
428
572
667
494
149
85
879
437
898
1532
658
208
1483
766
1229
1160
16
345
307
913
1425
1002
88
1116
531
1306
1317
813
1102
1128
1480
872
698
661
581
1187
984
280
590
706
1609
880
312
45
1012
526
761
965
521
1095
1518
809
628
227
1448
1621
243
1531
630
1579
1385
587
1355
498
448
752
419
1283
1257
785
1203
1140
941
1137
621
107
1501
826
1065
969
128
196
978
1003
505
1454
83
958
682
646
1394
1043
1465
1358
268
556
276
745
120
652
585
455
385
1235
161
697
1092
408
1198
699
245
854
933
695
1593
1403
1250
742
1177
20
491
158
1252
759
1341
1356
146
723
732
1435
908
910
992
1583
1019
1121
393
770
540
776
427
1571
788
1125
594
636
1062
1558
1564
1208
236
202
718
901
215
477
1433
165
840
1174
1001
775
2
234
87
741
802
1557
1463
1427
1258
603
69
344
214
148
1429
449
375
248
925
931
471
3
1335
1098
1477
1418
781
290
73
497
1308
887
26
1517
1093
1325
348
758
170
735
1484
84
317
1070
560
1290
1559
333
684
219
123
552
1115
1393
386
310
335
878
511
37
1546
1199
1025
1251
1309
561
1182
991
1108
143
1616
757
239
1227
1263
1405
90
452
927
1017
811
1168
837
1041
237
260
414
905
847
1067
14
670
922
701
255
507
1493
737
926
27
1164
1272
1362
409
1212
1521
805
1498
989
204
1318
1377
1243
1592
1171
1170
1479
645
1271
31
1580
108
309
1568
708
534
1104
1097
286
80
674
513
1413
1284
503
970
1105
432
1462
600
1588
